1,0ms,208kb,Incorect,0
2,0ms,208kb,Incorect,0
3,0ms,212kb,OK,10
4,0ms,212kb,Incorect,0
5,0ms,204kb,Incorect,0
6,0ms,216kb,Incorect,0
7,0ms,208kb,Incorect,0
8,24ms,540kb,OK,10
9,28ms,536kb,Incorect,0
10,28ms,536kb,Incorect,0
